56
16
17
28
4
44
2
17
28
4
44
59
56
27
23
59
56
27
59
56
59
56
27
59
13
56
27
59
4
13
56
27
59
59
4
13
56
27
34
14
39
13
56
27
34
14
14
36
30
34
14
14
36
34
14
14
47
36
34
14
14
47
36
34
14
46
42
34
14
46
42
34
14
52
46
42
34
14
8
39
34
14
8
47
8
39
34
14
8
39
34
14
40
8
39
34
14
22
33
14
55
35
7
55
35
35
7
55
58
35
35
7
55
35
7
30
55
35
7
16
35
7
7
16
35
7
16
52
16
35
7
16
16
52
16
35
7
10
35
7
59
4
55
34
43
59
4
55
34
4
55
19
10
4
55
19
19
10
4
55
18
10
4
55
55
10
4
55
55
10
4
20
41
55
10
4
20
11
17
36
32
29
20
11
17
36
32
29
20
11
17
36
38
29
20
11
17
36
29
20
11
17
17
36
29
20
11
24
18
39
20
11
24
18
15
13
5
18
15
13
7
13
5
18
15
13
55
60
35
60
58
35
60
60
35
60
58
35
60
58
7
39
55
7
39
47
7
39
40
39
39
40
58
40
39
39
40
58
40
39
39
39
40
58
40
39
19
58
40
39
19
58
40
40
39
19
58
41
25
41
58
41
25
31
58
41
25
38
41
25
20
25
38
41
25
25
38
41
41
25
25
38
41
25
25
38
41
25
57
6
31
17
60
4
10
34
31
17
60
4
10
34
31
17
60
4
5
34
31
17
60
4
25
26
17
60
4
25
54
26
17
60
4
25
26
17
60
4
51
30
4
51
24
51
30
4
51
30
4
48
43
4
51
30
4
48
33
23
56
45
23
56
56
45
23
46
56
56
45
23
29
45
23
6
14
45
23
6
14
45
23
6
14
45
14
45
23
6
14
14
45
23
6
14
45
23
23
6
14
45
14
23
23
6
14
45
14
23
23
6
14
14
23
23
6
14
23
23
23
6
14
23
23
23
23
6
14
40
5
25
23
6
14
40
5
23
6
14
40
18
6
14
40
40
18
6
14
18
6
56
43
59
6
56
43
56
43
59
6
56
43
56
43
59
6
1
59
6
6
60
59
6
6
8
59
6
6
39
8
59
6
6
8
59
6
31
6
8
59
6
6
8
59
6
6
8
57
59
6
6
8
8
57
59
6
6
8
57
59
6
6
6
8
57
59
6
8
57
57
59
6
8
53
12
9
47
11
6
53
12
9
47
11
35
47
11
11
35
47
31
50
33
35
47
31
50
50
33
35
47
31
27
1
33
35
47
31
27
47
31
35
47
31
27
47
31
27
49
51
31
27
49
27
49
51
31
27
49
51
31
16
51
31
31
16
51
31
31
16
31
16
51
31
31
31
16
51
31
34
31
31
16
51
31
31
16
51
31
31
16
44
1
25
25
60
33
10
31
25
60
33
10
9
30
20
45
35
10
9
30
20
45
45
4
56
53
49
59
33
53
38
4
11
6
53
38
4
11
32
4
11
32
4
11
32
4
11
4
11
32
4
11
4
11
32
32
4
11
4
11
32
4
11
4
53
32
4
11
4
4
53
32
4
11
4
53
32
4
55
26
18
21
33
18
21
18
21
33
18
18
21
33
18
21
53
18
21
18
21
53
18
18
21
18
21
53
18
18
21
18
21
41
44
21
18
21
41
32
21
41
11
41
32
21
41
32
21
30
32
21
20
21
30
32
21
37
24
21
30
32
21
37
21
30
32
21
58
21
30
32
21
11
58
21
30
32
21
30
32
32
21
30
21
30
32
32
21
38
30
32
32
21
32
32
21
32
17
24
21
32
17
26
57
17
26
9
26
57
17
26
26
9
26
57
17
26
57
8
26
57
48
26
57
56
57
21
9
57
21
9
57
21
9
21
9
57
21
30
9
57
21
21
30
9
57
57
21
21
30
9
57
57
21
21
30
57
21
21
22
21
21
30
46
21
21
30
46
21
21
55
46
21
21
55
55
46
21
21
12
7
42
21
12
7
2
42
21
12
7
42
21
12
42
21
3
12
42
21
19
3
12
42
21
16
44
3
12
42
21
16
3
12
42
21
12
42
3
46
12
42
3
54
12
42
3
12
8
54
12
42
3
12
24
12
42
3
12
10
29
19
14
57
24
14
57
48
49
14
57
48
14
57
9
9
57
48
14
57
9
59
14
57
9
59
14
57
35
14
57
43
17
35
14
57
43
17
35
14
57
35
14
2
35
14
57
35
14
27
59
29
35
14
27
59
34
26
58
8
2
58
8
58
19
34
13
39
19
34
13
39
19
34
12
19
34
12
19
2
19
34
12
19
9
27
59
5
12
19
9
27
59
12
9
27
59
27
59
12
9
27
37
27
59
12
9
27
37
27
59
12
9
27
37
27
59
12
15
37
27
59
12
15
37
27
59
12
15
37
27
27
59
12
15
37
27
59
12
15
59
12
15
59
15
59
12
15
59
12
19
30
12
15
59
12
19
55
59
12
19
11
19
55
59
12
19
11
19
55
59
12
7
4
12
7
34
12
7
10
7
34
12
7
34
12
50
53
32
60
53
32
60
53
42
32
60
53
36
32
60
53
25
52
53
25
42
6
13
53
25
42
6
18
14
21
18
14
21
14
21
18
14
14
21
18
22
18
46
14
21
18
22
18
18
22
19
18
18
22
19
18
18
22
19
18
34
16
22
19
18
34
38
3
22
19
18
34
38
19
34
38
8
34
38
19
34
38
12
19
34
38
31
9
50
38
31
9
38
31
12
31
9
38
31
12
31
9
38
25
31
12
31
9
38
59
10
40
3
59
10
40
40
3
59
10
3
59
6
23
18
11
59
6
23
18
18
11
59
6
23
18
18
11
59
6
11
59
59
6
11
15
59
59
6
11
15
59
59
6
15
59
59
9
38
2
35
59
9
38
2
55
59
9
38
2
55
59
9
38
2
55
59
9
46
54
28
7
49
9
46
54
28
7
22
30
2
22
30
7
22
30
2
22
7
22
30
2
7
22
30
22
30
2
7
22
18
30
2
7
22
30
2
7
22
30
2
30
2
7
22
30
24
17
7
22
30
24
24
17
7
22
30
24
17
7
22
50
6
4
7
22
50
6
5
7
22
50
6
7
22
50
7
22
48
7
22
50
7
22
7
22
50
7
4
16
50
7
4
60
15
5
7
4
60
15
32
38
15
32
35
15
32
35
15
8
15
32
35
15
6
10
35
9
15
6
10
35
15
6
10
31
29
10
31
21
50
31
21
21
50
31
21
21
50
52
21
50
21
50
52
21
21
50
21
50
52
21
50
50
52
21
50
50
52
52
21
50
50
50
52
52
21
50
52
21
50
52
34
49
52
21
50
52
34
56
52
34
52
34
56
52
34
52
34
56
43
13
38
56
43
13
