21
18
40
18
39
5
18
39
11
60
15
5
1
39
11
60
15
5
25
43
5
21
15
5
25
43
5
57
25
43
5
25
5
57
25
43
5
57
25
43
57
25
25
43
57
25
25
43
57
25
25
28
39
27
19
1
25
28
39
27
19
40
39
27
19
39
27
37
56
1
39
27
37
56
39
27
37
31
50
27
37
31
27
37
27
37
31
27
7
27
37
31
27
46
16
40
27
46
16
16
40
27
46
40
27
8
46
14
48
46
14
14
48
46
48
46
14
14
48
46
43
14
48
46
14
48
21
46
14
48
2
48
21
46
14
48
2
48
21
46
14
21
46
46
14
21
12
21
46
46
14
21
28
7
22
24
54
7
22
24
22
24
54
7
22
28
24
54
7
22
28
24
54
7
22
28
24
54
12
7
22
28
24
54
52
20
28
24
54
52
52
20
28
24
54
52
20
28
24
54
52
20
28
57
5
6
51
5
6
57
5
6
51
5
6
57
5
6
51
5
6
57
5
6
51
5
24
12
28
56
12
28
22
12
28
28
22
12
43
49
12
43
22
45
43
49
12
43
22
44
49
12
43
22
49
12
43
49
12
22
49
12
43
49
12
22
49
12
43
30
55
49
12
43
30
16
49
12
43
30
37
49
12
43
30
31
37
49
12
43
30
49
12
43
43
35
32
12
43
43
35
43
43
57
43
43
46
30
35
5
40
22
11
29
17
22
11
29
29
17
22
11
29
17
22
45
29
17
22
17
22
45
29
17
22
45
29
22
45
29
22
45
29
22
45
29
12
10
45
29
12
29
12
10
45
29
43
9
54
45
29
43
9
34
29
43
9
8
42
9
8
8
42
9
8
8
42
9
8
8
9
8
8
34
9
8
8
34
9
8
8
34
9
8
34
8
8
34
9
8
33
12
9
8
33
8
33
12
9
8
39
50
33
12
9
8
39
6
33
12
9
8
39
6
33
12
9
8
12
9
22
30
42
16
22
30
42
34
22
30
42
30
42
34
22
30
42
34
22
42
34
49
28
22
42
34
49
37
42
34
49
49
49
37
42
34
49
53
46
37
42
34
49
53
42
34
49
53
42
34
49
53
42
1
49
53
42
1
49
53
1
49
49
53
1
53
1
49
49
53
1
49
49
56
49
49
9
49
19
53
49
19
10
52
28
56
59
28
56
59
28
9
28
56
59
28
17
9
28
56
59
28
33
59
28
28
33
59
1
26
33
59
1
19
59
1
33
59
1
19
59
2
9
59
1
19
59
2
1
19
59
7
16
19
59
7
16
19
59
8
8
19
59
8
49
19
59
8
34
59
8
22
59
8
27
22
8
27
6
38
30
8
27
6
38
44
24
55
55
27
27
12
31
55
27
27
12
34
45
55
27
27
12
34
27
12
27
27
12
34
27
16
12
34
27
37
48
34
27
37
15
34
27
37
50
15
34
27
37
12
40
27
37
12
3
38
21
52
50
12
3
38
21
52
12
3
38
21
12
3
38
50
21
12
3
38
50
21
12
3
38
50
21
12
50
3
38
50
21
12
3
38
50
21
17
24
38
50
21
17
16
24
38
50
21
17
24
24
38
50
21
17
24
38
50
21
24
38
50
48
14
21
24
38
50
48
21
24
38
50
49
48
21
24
38
50
15
20
52
53
41
46
8
52
53
41
46
8
52
53
41
37
8
52
53
41
9
12
53
41
9
53
41
26
41
9
53
41
32
9
53
41
26
32
9
53
41
41
26
32
9
53
26
32
9
29
26
32
9
44
40
32
9
44
44
40
32
9
44
44
40
32
13
44
44
40
32
15
40
32
44
40
32
15
40
4
24
46
4
24
59
46
4
24
42
51
11
11
32
20
50
44
44
10
24
50
44
44
10
54
49
10
54
49
10
54
49
54
49
10
54
54
49
54
49
10
54
49
49
10
54
20
44
15
20
54
20
44
15
11
20
44
15
11
20
44
44
21
15
11
20
44
44
60
15
11
20
44
44
11
20
44
17
20
44
20
44
17
20
56
49
20
56
49
20
1
39
56
49
20
1
1
39
56
49
20
39
56
49
23
3
54
56
49
23
3
54
56
49
23
56
49
16
49
23
56
49
16
49
23
56
55
49
23
56
23
29
23
56
23
29
23
56
1
25
23
12
25
23
12
25
12
25
23
12
53
25
23
12
25
23
25
23
12
25
25
23
12
25
23
23
12
25
58
25
23
23
12
25
58
25
23
23
12
23
23
23
23
12
23
2
23
23
12
23
7
12
23
23
12
23
7
12
23
12
23
7
7
12
23
12
23
12
23
12
12
17
12
23
12
12
10
19
32
