18
19
10
4
2
16
4
8
10
4
2
16
4
4
4
17
4
4
6
4
4
23
16
21
14
23
16
21
24
23
16
21
16
21
24
23
16
16
21
24
23
21
24
12
18
21
24
12
12
18
21
24
12
12
18
21
17
27
21
17
30
21
17
27
21
17
27
21
17
27
21
17
27
5
17
27
21
17
27
5
17
27
5
28
1
21
5
28
1
7
5
28
1
7
5
28
3
24
29
7
5
28
3
24
28
28
3
24
4
30
21
4
29
24
4
30
21
4
24
14
21
4
24
22
21
4
24
5
24
22
21
4
24
20
29
16
20
29
26
20
29
16
20
29
16
20
10
16
20
14
16
20
20
14
16
1
16
20
14
16
1
14
16
14
16
1
14
16
14
16
1
16
14
16
13
18
16
13
1
28
16
13
1
21
16
13
1
1
21
16
13
7
21
16
13
7
4
2
16
7
4
2
16
7
4
4
2
16
7
27
2
16
7
25
13
13
1
30
12
13
13
1
30
13
13
1
11
10
2
4
16
14
22
2
4
16
14
4
16
4
16
14
4
16
14
28
16
14
4
16
14
7
6
26
30
11
9
30
11
9
30
11
9
30
11
28
11
9
30
11
11
28
11
9
30
16
9
30
30
16
9
30
16
10
16
9
30
16
16
10
16
9
30
10
16
9
21
30
10
16
9
4
6
9
4
9
4
6
9
6
2
4
6
9
6
24
21
4
6
9
6
24
8
6
24
18
8
6
24
24
18
8
6
20
8
18
8
6
20
18
8
6
22
4
18
8
6
22
23
21
5
8
6
22
23
21
11
8
6
22
23
21
16
23
6
22
23
21
16
21
21
16
23
21
16
21
21
16
23
21
16
21
6
27
16
21
6
27
30
16
4
8
23
29
8
18
25
20
23
29
8
18
25
29
17
18
25
29
26
25
29
29
26
25
23
26
25
26
25
23
26
25
26
25
23
29
26
25
23
23
29
26
25
23
23
29
26
26
8
26
26
3
26
26
8
26
26
26
8
26
22
21
26
8
26
22
24
10
22
24
10
22
22
24
10
27
7
10
27
7
10
27
14
7
10
27
27
14
7
10
25
22
19
7
10
25
22
28
15
10
3
26
22
28
15
10
3
28
15
10
10
28
28
15
10
10
28
28
15
10
10
10
28
28
15
10
10
28
28
21
28
28
25
21
28
28
15
23
28
28
15
7
23
28
28
15
7
23
28
28
11
27
28
11
27
28
11
27
28
11
11
27
28
19
27
28
27
28
19
27
18
28
19
27
27
18
28
19
30
27
18
28
19
13
2
18
28
19
13
18
28
19
28
19
13
18
28
17
19
13
18
28
28
17
19
13
18
12
17
19
13
18
19
13
17
19
13
18
19
4
14
13
18
19
4
10
13
18
19
4
12
18
19
4
20
12
18
19
4
12
18
19
17
17
4
12
18
19
17
17
13
18
19
17
17
18
19
17
28
18
19
17
17
28
18
19
17
17
28
18
17
17
28
8
18
17
17
28
9
27
28
8
9
27
28
8
9
27
9
27
28
8
9
28
8
8
9
28
20
8
8
9
28
7
24
8
8
9
28
7
24
11
7
24
11
7
21
6
24
2
8
6
24
2
4
9
28
13
12
2
4
9
28
13
6
17
25
9
28
13
6
17
9
13
6
17
10
4
9
13
6
17
10
9
13
6
17
22
29
13
6
17
22
29
13
6
17
3
6
17
23
3
6
17
15
27
17
15
15
27
17
15
15
27
17
15
15
16
15
15
15
15
16
15
15
16
5
11
15
6
5
11
15
6
5
11
5
11
15
6
5
15
6
15
6
5
15
6
15
6
5
15
6
6
15
6
5
15
6
5
19
23
15
6
5
19
15
23
15
6
5
19
4
18
13
20
7
4
18
13
20
14
8
20
14
4
5
14
8
20
14
4
16
8
20
14
4
28
14
4
28
14
4
28
14
4
28
14
4
4
28
14
28
14
4
4
28
14
4
4
14
4
22
14
4
4
14
4
22
14
4
4
14
1
14
4
4
14
26
1
14
4
4
14
18
1
14
18
18
1
14
14
18
18
1
18
18
1
18
27
1
18
29
6
18
27
1
18
29
6
27
1
18
29
27
1
18
1
18
29
27
1
29
27
18
29
27
1
29
27
18
29
27
1
29
18
29
27
1
29
17
26
27
1
29
17
26
18
1
29
17
26
26
18
1
29
17
29
1
29
17
3
7
2
1
29
17
3
7
29
17
3
29
17
12
3
29
17
3
29
12
17
3
29
26
11
26
21
11
26
16
4
12
11
26
16
4
12
16
4
26
16
4
12
