2
29
18
27
15
52
27
24
8
52
6
19
43
46
58
7
8
59
30
17
2
18
34
58
47
21
3
11
57
19
10
1
55
6
28
54
11
1
29
49
50
44
41
51
21
4
53
15
31
58
58
40
14
1
36
22
6
27
12
27
26
37
14
24
41
60
7
16
29
41
15
15
13
7
59
51
7
43
54
14
50
19
46
12
33
7
16
35
13
45
35
57
16
4
26
59
35
28
26
53
47
27
51
34
35
28
57
49
43
23
2
59
38
51
16
25
31
22
45
34
55
16
6
24
50
50
46
18
13
13
48
5
38
42
17
31
60
32
34
41
35
24
10
19
24
52
13
52
57
24
1
39
2
31
33
9
10
15
2
17
26
46
24
51
30
9
56
2
50
44
54
26
47
20
49
1
4
20
10
43
51
23
10
15
37
37
4
22
4
55
19
21
1
34
59
58
21
9
13
10
51
20
60
48
25
30
8
35
15
13
30
34
43
10
47
1
9
44
30
18
53
35
36
27
18
59
18
17
6
31
18
43
60
33
45
18
6
8
22
6
34
36
14
53
4
18
42
50
43
58
51
45
43
57
22
57
25
32
6
3
48
2
8
28
11
45
45
40
39
3
43
22
23
12
49
40
59
26
45
8
16
44
41
28
9
21
56
50
1
12
15
53
52
10
34
10
29
57
33
33
47
3
30
24
31
13
14
32
45
39
56
59
24
38
19
43
35
24
42
45
26
13
27
6
57
30
40
56
31
21
30
60
44
39
49
40
53
8
55
37
43
25
40
37
33
57
40
28
45
11
46
48
36
39
2
47
9
27
55
2
56
50
19
53
39
18
44
29
6
24
8
34
1
32
46
51
53
18
50
1
49
6
18
1
59
30
43
47
44
58
20
25
58
40
28
15
9
25
20
12
27
29
55
44
9
2
33
34
40
33
23
38
14
24
58
3
52
21
49
35
24
28
34
35
49
12
7
56
60
33
8
18
29
18
20
44
19
8
9
7
57
51
48
48
49
39
48
31
28
30
46
10
35
40
38
44
21
27
54
13
60
4
47
43
24
53
25
53
1
23
59
15
5
44
48
38
55
40
11
52
20
58
10
56
31
17
32
24
54
43
59
19
27
11
15
22
58
31
41
34
17
22
14
28
13
15
3
35
27
51
15
30
33
49
21
43
24
38
20
43
58
57
4
40
1
57
55
40
17
10
40
21
17
24
55
57
49
40
4
31
18
23
27
16
7
23
56
15
54
31
1
1
47
27
43
18
50
32
50
51
43
37
24
59
39
36
2
50
48
49
15
22
41
52
24
3
54
46
18
24
52
45
17
60
60
26
22
31
43
49
23
13
1
15
35
41
18
14
38
27
42
47
7
13
14
55
39
38
14
33
30
58
41
27
59
15
57
16
42
51
57
18
39
34
57
60
29
25
50
39
2
48
41
55
8
43
15
45
29
6
27
31
38
24
36
6
51
41
25
23
34
17
40
5
41
41
15
59
47
5
58
43
23
39
24
14
43
42
19
34
23
33
21
17
44
17
21
40
60
23
19
33
22
45
12
25
10
29
31
20
10
8
52
16
3
40
20
12
34
19
12
52
51
14
29
38
43
21
40
47
38
19
31
22
31
20
25
34
4
14
42
22
33
15
22
44
50
35
33
21
45
56
10
16
22
18
59
4
15
60
60
11
60
4
16
10
53
58
8
1
27
42
47
6
47
6
6
56
38
8
52
49
31
41
49
11
55
25
52
46
19
43
17
43
13
5
28
1
14
57
36
42
13
13
60
50
14
33
16
31
5
27
19
21
24
9
4
9
51
59
42
36
21
30
54
11
16
12
7
52
20
30
17
10
43
6
40
29
46
16
58
34
4
54
22
52
5
16
33
37
25
58
47
40
38
44
41
6
59
24
50
58
40
10
13
57
7
13
33
45
47
5
2
9
27
19
48
16
22
12
8
30
14
37
53
41
37
39
52
17
37
42
3
53
18
34
8
58
51
42
54
14
11
56
37
30
53
50
48
59
41
1
14
47
12
60
18
36
44
60
53
50
47
46
17
2
36
9
4
45
14
50
60
44
37
5
43
31
19
53
12
48
59
48
31
8
28
35
15
45
14
8
4
56
51
25
11
45
6
51
59
17
45
26
37
3
54
59
24
2
51
59
8
16
31
30
14
3
11
59
2
20
48
4
6
6
44
12
33
48
30
32
54
27
5
25
1
17
40
48
41
11
19
3
45
53
8
30
17
33
5
23
13
58
38
18
35
58
31
56
34
54
33
7
52
22
21
17
57
33
60
23
35
54
42
34
32
40
35
4
13
55
51
47
32
23
6
5
1
8
28
17
42
28
59
39
10
60
54
42
5
39
57
43
35
41
17
19
27
19
56
53
58
51
29
36
60
33
11
11
38
46
55
58
57
53
24
25
46
25
37
33
11
2
36
44
27
13
5
30
49
27
21
55
38
2
36
34
46
35
18
38
37
51
18
1
57
19
38
49
14
54
20
58
47
38
8
24
22
38
22
14
42
22
53
47
9
60
57
36
4
10
59
34
40
31
52
59
22
33
18
21
47
31
3
37
46
14
58
36
35
8
2
20
25
19
42
44
11
57
4
45
38
13
53
54
35
41
30
31
10
37
18
54
25
31
57
43
58
5
13
49
18
5
13
38
11
38
21
17
44
31
18
37
16
9
18
25
26
59
6
36
37
32
8
12
42
49
9
14
26
4
49
25
31
3
51
35
26
52
12
22
36
41
19
19
35
5
60
16
30
21
30
15
39
35
14
32
59
13
40
49
26
13
34
51
23
21
30
26
58
36
9
7
29
4
14
48
3
28
20
32
8
24
28
16
1
19
40
26
36
16
37
2
27
9
4
25
60
29
22
45
29
44
8
56
14
28
10
38
6
4
37
2
30
13
21
51
20
47
35
31
13
39
58
19
58
32
60
19
14
35
47
50
9
53
20
23
46
47
11
35
11
35
40
6
56
56
21
33
60
4
18
53
44
33
13
3
53
54
22
11
14
50
14
47
23
17
17
37
36
29
45
26
60
59
56
46
48
35
60
39
28
47
24
10
10
48
10
29
7
11
7
59
43
53
39
2
3
19
37
29
60
49
44
6
42
57
21
26
4
53
42
42
60
11
30
25
4
45
22
54
25
16
11
48
7
17
19
16
7
40
26
18
52
6
36
16
30
36
37
60
49
12
22
52
21
56
14
52
19
1
30
34
2
27
48
29
39
34
45
23
15
16
3
42
56
12
36
55
5
8
19
53
14
53
25
57
44
5
43
11
23
10
8
16
4
42
18
3
56
5
13
20
54
49
26
25
58
32
33
47
17
41
60
40
56
60
27
18
51
5
12
6
13
45
30
9
22
26
28
16
12
50
2
2
50
56
9
44
