8
56
29
38
29
27
25
13
36
1
60
4
29
17
44
9
14
38
25
15
48
51
54
15
47
59
15
58
30
32
2
11
37
23
11
53
26
16
48
34
59
2
34
20
21
33
60
42
15
14
57
27
27
1
12
46
59
29
28
9
53
52
55
17
26
14
50
35
25
22
1
20
51
5
36
43
55
6
60
39
35
9
16
34
58
56
17
45
48
42
43
59
11
15
44
15
46
2
10
43
49
41
60
30
45
4
12
39
1
57
9
52
54
29
60
33
31
56
44
32
39
7
15
30
18
19
32
1
24
43
15
23
49
44
17
53
33
16
52
50
23
27
14
37
19
14
44
27
7
32
1
45
25
2
23
55
22
50
16
39
16
32
52
3
17
38
37
11
31
13
20
18
59
57
48
28
9
1
46
44
42
43
47
54
53
1
27
39
5
28
56
7
37
30
27
41
34
12
52
37
17
39
50
15
7
36
38
31
38
27
48
26
28
46
25
43
27
13
15
44
32
44
58
34
5
26
23
9
13
6
34
54
11
13
37
45
5
2
50
37
38
2
51
50
22
20
37
22
55
5
40
23
45
2
5
9
22
60
51
45
21
3
43
58
38
9
36
49
14
21
41
56
1
28
7
36
60
6
16
52
41
11
42
35
42
30
51
29
49
11
10
42
59
25
32
30
7
12
24
46
24
1
11
36
36
41
20
17
57
48
2
51
1
9
59
54
10
33
5
23
6
41
4
30
53
58
28
8
37
58
15
40
5
36
10
28
18
5
19
49
2
8
59
13
12
57
35
46
44
19
13
46
50
13
43
9
26
29
3
5
46
6
7
49
54
47
50
10
17
13
27
46
47
45
17
18
51
35
10
34
39
45
39
35
31
10
19
5
3
21
21
49
20
4
34
15
8
3
15
17
4
53
34
14
16
60
40
2
1
17
47
58
45
4
44
53
38
1
26
49
53
13
10
9
50
21
54
56
58
24
35
51
44
48
38
15
35
3
55
44
48
10
25
50
56
45
18
48
58
55
2
55
56
29
44
43
34
20
31
54
20
29
10
57
42
56
56
48
20
38
18
53
49
52
5
30
36
50
14
20
44
7
42
45
55
27
6
55
13
46
16
14
27
45
14
27
21
40
13
49
58
58
3
14
9
24
60
30
31
19
43
17
60
9
24
17
36
32
56
16
8
45
40
13
8
26
44
24
9
7
32
47
41
12
23
50
5
55
15
49
52
6
37
9
56
13
22
55
31
3
36
30
12
5
31
16
41
43
26
54
10
45
37
6
39
21
57
56
27
47
15
48
18
59
28
57
20
60
56
40
10
39
7
25
31
56
8
12
29
24
32
55
36
18
60
5
7
37
20
39
39
28
38
51
40
16
45
25
41
15
43
35
26
33
41
19
2
24
1
49
27
43
48
7
29
23
32
2
13
27
50
33
16
36
3
37
53
20
18
33
44
39
22
57
28
17
29
46
44
42
41
6
24
49
26
59
34
19
54
6
17
1
31
27
53
6
50
33
50
59
9
59
11
31
42
45
28
43
25
12
12
6
27
55
31
20
37
29
21
13
28
47
24
56
39
35
6
32
23
58
27
18
29
29
38
52
54
52
49
60
17
32
40
13
26
41
41
15
24
20
17
58
30
48
5
43
50
40
47
49
38
27
39
53
50
25
17
36
18
28
57
5
16
6
41
41
59
21
28
31
58
4
5
47
43
19
13
44
34
9
43
3
17
33
57
18
23
18
19
32
58
8
4
27
7
59
4
25
16
24
59
32
52
48
16
34
24
1
43
28
2
56
38
28
18
55
10
14
26
37
5
48
22
50
35
27
28
53
58
7
9
36
32
5
35
53
8
24
60
18
7
2
50
24
59
50
56
33
40
26
8
45
56
4
47
55
52
52
16
12
18
10
34
8
36
38
3
27
2
23
12
44
54
21
13
50
38
31
37
14
9
31
50
4
9
10
41
5
29
12
32
48
49
16
52
49
8
12
51
44
35
39
56
15
36
29
17
9
32
15
15
6
14
21
24
15
26
46
49
49
35
3
56
60
51
51
36
37
43
25
19
31
36
21
26
39
55
50
17
47
55
51
60
22
30
37
9
45
52
25
52
28
48
42
50
44
9
26
17
58
2
32
20
18
43
12
4
34
30
54
3
22
44
48
2
42
37
6
12
16
12
10
45
51
24
18
15
19
37
34
23
10
40
31
34
56
6
34
52
29
12
21
46
60
19
4
22
30
40
16
24
24
37
20
57
24
53
35
49
44
31
7
33
13
7
31
46
57
50
9
45
38
53
18
7
59
19
13
23
5
36
38
1
1
