16
7
24
29
17
10
9
1
11
27
11
13
7
27
14
15
6
1
19
2
26
23
8
19
11
20
4
11
29
19
16
18
27
17
21
23
20
7
2
18
1
6
20
15
11
23
22
20
19
9
29
12
7
1
26
19
2
10
7
25
18
24
9
30
22
14
8
8
23
14
29
3
16
2
29
7
24
27
15
24
30
1
7
6
11
1
22
21
10
14
2
1
16
3
16
2
30
10
30
9
30
10
8
30
4
27
16
1
16
10
2
30
16
15
25
18
18
20
21
26
5
1
6
14
30
24
30
18
14
5
17
21
6
13
3
30
16
26
21
28
22
17
18
7
4
11
9
29
17
10
15
15
25
20
18
6
14
1
5
2
30
22
6
25
20
2
6
21
28
10
25
18
5
29
8
21
15
25
26
15
5
30
16
8
9
13
21
29
30
14
15
22
28
7
1
22
14
21
15
20
13
12
26
10
19
30
16
11
7
9
6
20
8
30
13
29
26
3
17
16
22
28
1
2
8
5
26
10
11
1
4
12
18
17
27
20
23
19
9
19
23
16
24
28
10
17
19
1
3
29
28
29
30
3
4
23
13
10
27
30
14
2
6
17
7
29
1
10
29
30
7
3
29
1
30
20
27
3
11
4
11
14
30
5
9
9
15
16
24
10
25
3
26
13
18
14
14
13
18
23
28
16
15
5
12
19
24
16
12
1
26
5
25
13
15
4
4
1
27
11
30
12
12
11
11
29
10
2
26
15
16
24
25
16
10
10
7
26
16
11
16
24
28
26
24
8
25
5
4
21
21
28
13
20
23
6
15
25
19
30
16
18
11
5
22
14
29
1
9
12
29
21
20
16
13
13
9
5
1
4
28
2
28
20
14
13
8
21
28
4
18
21
22
23
25
9
6
28
6
3
21
23
1
14
21
4
27
23
5
22
12
14
27
6
18
25
2
23
30
24
11
16
27
20
8
12
8
22
13
15
13
11
17
6
29
10
14
22
25
22
26
23
26
6
17
19
5
3
3
18
22
23
26
15
29
10
10
10
1
7
14
6
7
5
1
4
25
20
29
24
9
7
5
18
12
28
15
1
23
30
25
10
26
29
22
11
13
28
15
26
20
14
27
8
6
26
19
11
23
22
20
10
15
12
23
1
30
1
19
16
29
23
27
21
3
2
5
7
26
2
24
6
4
16
3
19
29
21
15
27
4
22
24
9
26
7
1
16
12
29
28
16
23
25
23
15
14
19
1
19
14
11
21
1
20
16
24
1
29
9
16
18
10
28
8
24
1
3
27
14
10
11
24
24
20
18
24
11
24
27
16
16
4
15
6
22
1
18
10
12
29
30
23
12
21
18
19
25
29
13
21
15
24
13
20
2
22
9
14
21
29
28
12
21
14
2
24
8
6
4
4
22
21
13
18
29
18
26
2
22
7
29
17
9
24
28
25
5
24
20
19
12
26
11
22
17
11
13
28
24
29
16
20
30
11
26
6
25
1
15
8
4
20
7
14
25
20
1
15
28
17
18
27
22
22
21
14
15
9
30
24
20
23
17
12
1
12
10
11
13
9
6
14
14
21
13
6
22
21
23
22
18
8
20
9
18
22
24
20
10
27
5
15
26
2
28
25
6
4
29
13
19
3
12
4
23
30
6
16
11
14
6
1
21
8
15
3
7
4
28
27
1
15
12
5
18
18
28
7
8
13
17
3
16
18
27
12
24
25
18
6
10
27
11
26
17
26
4
21
15
4
4
29
5
16
24
1
26
10
8
4
28
14
15
24
5
20
3
18
4
1
4
10
21
12
23
27
13
1
5
12
23
29
30
25
25
4
12
20
9
22
22
21
16
28
8
9
20
14
1
9
23
17
26
5
9
9
15
4
18
21
14
18
26
25
28
2
15
13
25
5
11
19
12
26
26
20
24
27
20
27
9
14
26
15
7
9
28
30
27
9
21
29
4
30
15
18
24
7
4
12
2
19
4
17
16
24
12
9
17
11
7
6
28
14
19
30
10
25
15
21
8
28
23
16
19
8
14
7
13
1
9
13
16
25
6
21
13
6
26
27
29
17
24
8
28
19
11
28
20
17
25
20
18
30
28
7
3
23
5
8
8
19
5
15
8
26
21
22
4
11
25
15
19
30
4
15
18
22
23
2
8
26
21
16
10
26
17
10
26
5
8
26
17
3
23
30
20
18
17
16
16
15
18
17
2
2
1
6
19
27
25
29
22
20
15
5
20
10
24
9
24
10
30
2
28
24
26
11
17
22
23
10
5
16
6
12
9
13
20
10
12
17
27
17
11
19
4
10
5
17
8
15
28
